image_width: 640
image_height: 480
camera_name: camera
camera_matrix:
  rows: 3
  cols: 3
  data: [549.460838, 0, 324.756909, 0, 550.255184, 250.109978, 0, 0, 1]
distortion_model: plumb_bob
distortion_coefficients:
  rows: 1
  cols: 5
  data: [-0.471848, 0.200714, -0.001899, 0.002619, 0]
rectification_matrix:
  rows: 3
  cols: 3
  data: [1, 0, 0, 0, 1, 0, 0, 0, 1]
projection_matrix:
  rows: 3
  cols: 4
  data: [444.694031, 0, 330.448789, 0, 0, 495.178162, 251.666626, 0, 0, 0, 1, 0]
